231
377
955
291
371
654
856
34
821
945
538
8
279
325
751
847
857
401
905
134
177
611
1
530
750
656
154
321
632
752
397
385
787
89
865
23
168
235
186
469
672
213
800
222
379
367
924
343
246
413
879
485
124
272
940
523
476
442
767
945
282
275
555
102
396
530
778
978
41
397
278
764
912
969
329
905
555
659
564
237
599
969
258
10
218
867
391
510
664
108
923
86
851
8
183
382
813
916
285
851
619
970
13
70
243
748
26
162
750
33
288
497
166
119
14
180
522
950
634
411
695
731
790
798
694
749
223
95
651
423
233
579
685
628
55
116
994
0
556
954
470
110
377
749
810
230
272
523
897
133
821
937
379
614
345
653
408
288
113
151
697
259
129
717
303
35
142
921
893
539
533
421
819
210
825
870
696
16
202
856
259
562
73
34
267
250
724
170
940
311
279
851
256
987
13
137
855
877
756
941
219
807
734
19
201
191
578
342
692
362
284
999
774
407
722
615
655
265
514
660
954
99
133
44
988
216
716
137
911
356
296
799
818
681
660
602
374
540
720
522
175
330
554
453
983
982
267
483
899
769
18
913
227
244
486
435
205
146
23
128
643
989
249
381
873
547
628
530
885
510
536
757
415
82
457
604
545
231
495
913
161
474
272
917
913
293
978
152
749
986
659
460
712
304
858
940
895
467
892
563
19
318
710
207
798
52
948
294
802
219
307
497
717
205
875
941
106
602
73
494
615
331
125
144
55
302
449
196
371
201
896
116
995
906
219
281
502
137
874
219
544
158
814
660
204
361
712
994
889
560
22
124
936
670
847
15
182
690
628
385
988
277
494
759
903
499
644
669
314
959
0
298
411
201
705
60
653
764
734
133
282
828
924
42
728
698
406
302
206
847
922
265
779
562
17
912
699
177
454
488
476
535
886
580
139
806
938
538
342
608
194
403
296
538
77
582
944
194
266
159
136
514
198
28
415
676
851
604
352
982
636
762
545
808
852
57
479
93
856
539
35
619
13
73
657
1
54
71
32
370
964
705
93
471
495
139
97
380
319
694
366
255
275
845
921
446
958
396
584
250
393
920
580
280
802
241
398
314
154
26
325
754
716
864
733
60
684
16
23
53
530
545
227
225
52
99
131
652
245
264
110
74
384
619
911
112
721
735
263
346
89
127
178
98
252
373
848
947
16
570
446
264
380
440
437
373
403
848
596
780
222
153
86
937
948
722
309
142
119
985
200
989
25
478
838
721
18
38
673
218
468
867
771
84
230
271
534
310
270
976
506
112
142
215
556
799
626
883
556
108
670
536
669
55
317
199
831
283
341
745
235
408
170
436
421
269
377
704
302
330
144
851
592
212
359
649
155
23
8
350
72
357
917
612
204
253
737
495
903
686
821
549
980
2
640
92
507
349
77
501
422
132
884
318
980
874
875
759
887
234
511
923
58
151
586
406
693
328
354
801
356
11
522
62
724
665
151
452
754
249
974
292
99
160
350
923
947
804
314
7
889
451
989
778
193
530
756
807
246
23
895
427
831
921
23
665
244
942
286
879
180
246
958
405
794
787
210
717
359
557
629
367
670
796
266
820
498
310
487
372
951
75
95
988
271
360
425
50
932
497
359
46
928
211
210
273
976
618
774
533
309
954
458
895
831
962
115
801
484
460
895
518
372
325
143
868
4
253
936
226
914
637
442
649
201
90
805
921
82
303
887
154
302
811
67
806
572
55
374
345
833
128
68
946
82
157
10
740
572
56
296
799
74
909
497
222
467
402
89
674
193
769
352
492
543
353
124
864
262
730
474
45
243
32
965
948
444
25
161
669
747
330
950
829
433
880
315
645
957
174
545
749
453
938
903
598
58
230
757
444
246
52
331
796
342
818
384
725
363
42
8
705
32
616
383
124
46
561
92
889
101
73
207
460
408
465
314
155
955
956
743
589
928
466
644
10
466
771
226
229
663
109
454
371
172
944
424
487
958
891
714
319
939
622
99
914
470
812
137
640
552
415
91
468
686
509
318
349
850
78
291
492
134
665
886
721
246
745
603
654
652
929
10
734
348
945
319
917
154
193
942
940
233
727
5
254
550
437
43
895
423
267
309
219
755
629
837
479
759
33
665
545
120
537
652
450
816
144
136
250
276
498
511
298
498
805
588
196
11
180
286
462
356
331
99
751
261
771
74
837
807
965
283
93
897
931
626
314
819
279
353
248
477
110
350
303
695
915
955
718
450
664
433
543
510
792
823
864
940
946
80
412
335
804
701
832
586
806
990
914
