231
201
5
291
371
654
228
34
821
773
191
8
272
325
751
847
857
401
905
9
196
812
1
721
411
675
154
25
605
752
397
355
640
89
865
23
163
174
226
469
672
213
509
222
370
852
304
343
246
792
73
827
793
268
940
910
611
442
844
945
276
275
857
947
396
530
575
972
41
110
278
748
958
969
329
905
636
659
594
168
599
907
267
10
341
820
132
510
920
108
572
86
531
201
183
382
784
916
282
688
892
951
13
70
246
666
323
162
750
91
288
449
164
57
19
178
522
950
825
601
36
731
842
798
442
821
171
95
651
778
183
579
778
520
390
116
67
0
714
954
572
110
377
318
413
362
272
84
897
22
821
937
365
614
354
653
814
290
113
262
697
157
21
408
303
35
142
530
636
955
608
777
629
164
825
791
462
16
155
856
244
554
392
33
267
249
724
243
998
311
279
583
244
8
92
137
855
637
756
941
212
840
734
19
201
191
849
348
692
293
284
999
774
675
722
879
199
267
774
660
950
99
93
44
86
169
792
137
911
359
296
789
740
508
449
422
381
791
653
522
191
330
554
855
397
614
222
898
524
816
18
913
174
244
430
435
176
94
23
127
787
616
250
382
406
547
628
754
911
530
576
757
112
41
457
727
581
232
453
724
246
474
230
65
913
293
978
152
623
939
659
554
966
302
858
940
744
467
892
907
94
318
481
273
798
56
828
101
802
219
307
562
817
210
875
941
105
489
73
513
700
331
76
135
55
300
449
198
371
201
892
116
995
906
265
247
797
137
874
850
567
259
814
562
204
361
427
125
413
560
22
552
944
745
847
15
182
346
698
344
113
277
494
759
502
499
644
564
73
952
0
280
411
673
704
53
953
880
734
133
285
828
924
397
728
873
406
302
206
844
922
219
779
708
17
724
699
177
756
488
254
751
886
580
139
774
959
832
342
842
186
847
296
858
76
582
944
244
267
159
85
514
196
28
415
676
849
604
352
982
887
498
535
422
852
57
686
135
856
790
113
452
23
24
727
929
54
327
64
370
109
821
93
803
498
139
17
47
319
694
366
255
275
840
566
418
888
396
684
249
393
920
580
343
460
379
398
314
202
29
325
487
716
870
437
61
650
16
85
28
711
319
225
174
44
99
134
413
245
264
110
115
384
570
911
112
464
608
264
346
134
127
171
98
259
373
848
947
16
117
904
171
371
787
437
376
403
482
596
914
222
153
86
56
64
528
381
143
119
883
244
989
164
478
838
410
18
38
422
164
511
867
771
562
230
271
534
382
270
405
506
125
44
215
414
799
626
657
904
507
581
839
669
563
46
271
831
370
186
688
291
913
254
436
470
270
22
554
35
330
144
475
778
169
298
649
202
293
344
97
803
357
917
612
255
253
849
999
903
686
682
549
980
2
640
92
366
349
77
667
422
131
469
55
980
874
875
759
401
237
511
957
119
151
586
406
433
616
354
837
359
852
522
49
724
491
151
793
471
250
974
290
99
160
350
891
319
710
314
88
513
93
939
704
8
805
449
807
246
12
895
469
721
921
134
870
236
942
150
428
676
246
958
405
611
863
220
569
358
557
513
898
665
89
160
847
498
300
487
280
952
197
92
574
298
360
442
118
932
611
359
31
924
243
164
263
976
618
774
953
36
310
769
657
669
998
115
433
978
554
744
586
377
325
171
868
4
253
836
226
914
703
442
773
201
920
805
921
41
303
533
154
302
811
50
911
572
59
368
514
437
135
57
108
86
700
311
606
773
398
296
904
310
402
538
222
467
402
89
674
193
769
352
615
422
253
123
864
262
730
474
266
255
32
962
948
639
814
163
669
399
117
950
829
714
880
315
862
719
284
545
313
453
529
297
598
67
151
660
456
246
29
331
796
298
470
362
639
307
6
643
547
32
63
383
123
984
561
95
124
101
309
219
147
705
465
315
254
109
956
743
589
928
744
644
15
466
478
177
229
406
109
624
371
276
937
424
745
958
844
622
59
939
622
99
646
470
812
137
892
552
999
371
779
686
454
40
348
630
78
291
492
134
491
920
721
246
664
603
575
652
910
10
734
341
855
801
917
154
187
803
940
266
727
5
242
550
267
43
728
423
267
879
219
425
629
211
479
740
364
671
545
960
676
652
703
816
144
14
249
293
498
751
381
598
552
588
850
11
243
61
324
359
350
391
751
261
482
319
457
728
965
283
91
570
54
626
806
736
269
355
272
477
282
350
320
695
417
998
839
450
420
6
534
510
914
823
864
940
324
80
756
335
601
895
832
586
514
816
914
357
444
672
948
271
123
880
97
844
734
596
390
428
552
754
123
713
657
360
34
994
7
181
696
344
913
141
127
849
840
705
359
698
110
152
784
428
779
153
698
246
449
185
506
619
653
88
318
242
562
396
192
763
669
937
498
64
94
670
86
266
355
876
525
44
999
110
162
239
32
251
162
764
422
710
405
9
968
233
722
212
253
203
984
222
169
88
436
157
347
794
495
502
801
636
581
604
123
522
965
97
880
631
611
294
435
368
136
414
543
601
521
684
526
939
12
88
658
216
266
85
309
579
49
219
800
756
330
551
616
267
286
447
731
752
8
464
677
669
835
867
756
749
939
861
916
506
270
941
85
636
870
262
516
161
558
348
707
81
341
357
283
368
478
319
110
246
770
40
562
141
871
755
962
360
171
417
690
0
344
36
63
79
398
124
334
580
941
633
15
118
206
967
869
369
157
151
699
428
290
187
161
335
118
290
991
759
186
368
88
497
672
762
718
889
287
930
410
730
244
648
200
390
211
690
704
113
139
576
174
480
408
813
220
827
502
290
317
227
947
552
195
691
359
839
7
433
10
345
568
727
920
293
44
503
17
154
119
121
839
881
142
491
913
411
417
812
202
824
517
488
156
241
36
705
487
566
97
507
16
749
58
121
406
913
224
795
852
5
549
825
313
545
83
939
381
499
736
507
128
433
634
171
701
117
668
801
980
696
912
88
944
980
885
701
615
209
174
351
868
344
287
186
547
97
469
494
314
99
210
501
762
308
395
719
369
359
711
916
169
171
121
157
506
907
267
323
721
913
477
751
57
138
319
844
611
927
513
736
619
652
765
931
436
348
566
171
16
897
288
303
368
63
708
498
621
472
260
459
677
132
293
793
344
149
657
291
142
807
286
33
331
616
133
675
106
61
64
516
341
247
143
226
554
156
344
373
133
187
256
307
506
133
511
397
941
950
451
788
879
321
539
326
971
516
971
275
617
23
546
104
771
864
467
127
998
847
892
714
214
95
526
629
129
119
433
106
497
979
856
541
746
93
79
58
338
652
50
835
775
415
481
729
909
525
17
780
381
436
241
413
39
614
778
600
647
406
259
871
197
128
99
998
150
129
65
408
272
339
9
91
409
464
76
433
787
839
699
123
272
730
440
266
433
203
941
142
868
848
358
733
352
469
149
348
180
996
657
746
326
954
564
244
245
671
314
637
848
104
696
53
133
420
725
271
464
266
93
119
64
476
976
774
672
808
453
729
950
982
257
357
711
622
138
66
375
342
264
605
807
119
977
337
145
643
217
684
180
961
21
510
20
849
249
75
950
114
12
25
242
103
103
142
243
143
685
811
232
456
835
896
389
155
892
157
361
717
797
44
161
840
850
644
840
598
298
341
629
638
429
109
225
861
918
954
188
999
397
417
358
416
971
731
301
365
377
505
420
481
303
777
808
335
699
853
574
425
613
103
891
728
609
597
52
857
326
352
176
676
154
854
583
420
332
822
129
892
324
372
477
842
614
374
854
382
204
589
394
791
644
263
813
97
851
664
826
639
670
630
948
364
718
214
230
15
275
7
377
618
131
2
46
818
790
325
989
47
302
341
360
73
88
874
252
340
538
989
842
243
108
471
926
350
658
721
8
67
556
128
753
896
185
862
931
686
423
970
821
526
373
437
602
826
314
892
244
983
816
641
828
33
737
517
795
354
352
849
134
943
293
951
17
525
417
94
518
955
452
28
245
354
96
64
259
330
375
442
27
57
874
890
180
389
141
480
610
230
170
329
231
29
316
835
90
250
179
572
491
356
124
891
431
19
464
360
608
944
225
143
119
299
861
791
448
753
613
773
222
906
702
269
479
691
546
73
914
572
33
90
122
910
698
101
99
961
267
12
230
288
556
952
32
845
370
302
671
308
116
112
38
19
49
646
721
187
250
444
110
317
804
10
406
816
845
136
651
228
897
673
960
797
747
941
798
836
310
11
867
457
871
971
852
484
483
162
436
935
929
226
960
525
924
359
997
756
329
157
207
957
99
895
397
142
511
201
851
203
269
530
690
605
808
68
892
90
90
614
588
17
569
271
380
300
986
344
398
64
547
971
70
422
244
681
413
281
308
697
735
64
381
963
838
848
349
883
374
455
267
732
330
512
733
325
163
110
211
777
156
394
567
6
358
812
800
221
930
258
834
126
444
33
683
272
782
73
407
774
938
492
579
264
511
314
223
524
847
73
670
796
467
94
431
310
328
381
577
631
92
724
280
797
719
76
225
414
588
803
435
779
954
565
560
466
913
329
481
310
654
631
72
944
233
110
357
71
185
443
257
144
371
611
16
129
422
466
92
17
63
86
906
245
292
176
331
311
522
155
255
66
331
879
919
271
61
513
592
345
390
493
290
17
407
292
934
228
568
237
500
336
300
26
267
18
780
51
596
275
568
942
186
207
228
430
835
209
18
970
979
439
257
408
604
447
174
91
97
50
739
47
163
173
779
178
657
120
447
572
159
594
406
937
873
896
576
608
249
210
936
222
870
247
142
707
307
298
8
84
627
879
692
450
1
983
782
357
492
320
831
408
614
432
467
450
675
554
155
734
951
405
123
356
377
451
101
454
192
668
161
128
263
483
364
869
237
177
177
821
842
964
229
197
8
618
595
240
198
663
382
759
244
484
873
391
20
104
242
911
999
54
705
363
750
998
945
246
576
801
362
702
884
171
912
229
805
246
375
491
573
456
50
225
143
113
108
514
751
44
669
76
497
874
368
561
470
107
753
171
425
390
635
980
459
847
2
659
245
276
914
164
779
71
113
427
462
123
120
464
400
459
244
939
644
720
70
427
457
939
88
225
124
732
745
187
294
16
153
16
347
360
135
44
852
298
506
231
861
790
242
122
498
253
874
936
97
22
151
428
874
378
534
21
472
640
563
630
796
294
998
701
399
230
938
938
161
564
552
466
641
883
37
906
345
969
364
573
191
278
49
796
257
874
359
833
480
328
882
879
964
133
574
733
235
244
702
910
641
793
525
435
562
122
601
433
395
882
928
731
482
659
483
69
27
434
585
948
301
234
681
27
511
96
656
538
408
771
118
663
275
242
733
14
407
734
497
944
881
728
153
646
151
334
674
191
656
704
50
876
219
436
38
350
294
337
821
187
912
890
338
289
995
797
956
481
840
742
180
696
197
782
566
995
2
20
964
430
778
538
240
32
740
646
404
64
829
346
432
180
691
948
110
908
950
857
107
267
646
407
640
606
122
125
126
373
721
697
632
163
356
625
602
425
301
518
727
588
589
67
350
635
307
246
375
601
654
460
390
649
381
968
64
265
408
471
936
876
387
95
360
147
103
19
325
504
662
570
267
803
866
64
566
187
161
34
840
139
39
755
688
879
879
474
397
267
852
871
796
732
688
668
128
895
158
174
397
730
973
938
857
431
871
832
816
118
889
3
855
275
637
121
337
591
525
637
205
331
427
829
112
510
671
292
674
175
703
787
16
15
988
161
506
442
988
464
395
627
71
683
182
362
134
249
122
456
521
97
676
20
428
41
318
15
226
958
914
300
330
407
653
409
852
449
150
597
298
888
129
211
732
257
625
130
751
460
527
497
258
806
786
217
163
576
652
214
144
892
341
85
545
295
659
120
131
965
621
786
517
777
650
470
778
864
249
670
924
633
347
411
581
245
122
917
624
270
179
641
135
525
154
316
660
486
199
8
663
353
225
795
171
597
660
629
843
394
106
676
79
126
678
43
790
228
444
448
287
636
94
370
344
748
219
171
237
848
298
484
107
512
931
576
241
745
44
361
665
737
10
150
97
134
290
292
311
140
259
40
811
370
358
627
880
378
611
12
350
382
58
671
944
63
256
981
870
546
807
721
662
230
459
225
898
688
910
805
593
673
66
0
202
618
465
718
833
176
29
910
646
570
707
555
957
405
212
282
849
774
356
331
480
16
43
271
874
153
701
562
919
350
867
494
151
597
941
903
140
912
962
712
938
21
523
675
115
317
955
980
183
304
435
635
242
414
45
93
906
898
566
50
807
656
792
214
509
44
995
824
545
481
93
672
131
967
699
830
991
984
11
105
240
852
813
414
960
95
711
511
337
807
272
941
51
134
306
798
245
649
202
541
236
301
153
544
230
930
296
801
40
290
449
180
457
463
748
17
317
542
697
265
103
395
415
314
618
85
846
702
435
724
280
437
701
405
170
235
97
476
670
669
871
212
677
550
654
655
602
41
394
373
887
596
405
598
694
887
14
201
764
722
724
818
507
417
720
250
303
100
164
915
281
406
999
494
219
164
807
800
475
499
113
161
220
309
880
186
855
112
100
315
267
52
723
114
387
661
99
350
804
919
853
136
637
966
319
670
989
333
292
458
713
202
246
367
230
676
334
994
764
290
632
444
561
380
304
528
981
80
927
272
604
764
749
359
80
103
629
71
8
328
835
122
83
887
910
778
91
876
757
52
329
281
176
572
196
777
355
907
589
199
983
761
374
227
243
99
301
14
876
216
199
877
328
529
985
299
44
847
141
429
942
163
389
934
510
921
219
43
925
36
353
932
171
584
779
92
116
10
17
157
51
212
9
131
556
290
342
348
998
849
483
517
341
244
279
483
710
94
621
787
954
414
841
808
352
223
612
429
676
291
210
735
380
695
927
50
995
589
882
346
534
275
443
384
401
740
748
465
863
314
377
387
797
374
374
110
104
341
93
857
852
769
661
434
86
497
279
944
428
400
784
873
470
253
150
980
250
395
257
892
367
139
599
926
759
843
832
184
478
420
810
820
150
739
806
939
698
11
15
213
653
230
364
387
233
920
968
91
593
463
143
176
914
792
821
417
130
777
105
311
632
898
523
431
787
245
964
292
935
209
699
780
965
368
616
452
20
289
650
74
187
187
291
9
75
516
148
728
492
621
601
41
116
449
636
794
405
494
462
483
593
266
680
770
702
239
22
577
263
279
182
223
39
806
219
234
209
554
28
667
644
910
848
901
768
444
871
390
678
132
176
43
455
295
947
641
22
852
122
93
48
434
226
463
344
964
366
467
124
745
361
135
627
787
506
556
883
417
719
799
391
955
277
144
44
936
673
461
334
538
292
492
407
556
292
659
393
365
910
53
883
97
610
117
837
748
97
323
105
241
589
990
699
397
10
202
235
337
194
144
509
435
605
64
989
266
306
458
552
950
418
815
999
460
655
413
337
163
308
939
783
740
86
616
536
668
905
377
868
525
586
239
517
251
382
615
397
309
954
366
939
563
570
263
373
254
220
596
788
157
736
910
960
457
278
352
132
256
355
435
38
908
842
212
862
115
304
105
113
369
188
240
829
357
40
908
704
42
742
370
141
524
942
939
408
730
737
283
932
651
63
852
952
610
171
241
750
462
393
451
984
132
719
564
25
651
788
840
192
128
875
73
20
233
226
9
777
949
994
734
933
411
297
963
735
126
706
827
621
835
409
196
347
943
411
835
357
383
856
28
494
653
143
129
840
123
435
218
288
455
829
304
721
216
370
308
243
727
772
552
913
975
329
200
535
879
90
730
109
380
615
381
223
752
105
867
195
56
481
452
944
922
790
432
688
688
163
346
583
790
259
611
30
770
293
61
230
158
92
655
821
381
486
356
151
778
38
76
109
354
432
790
625
6
708
291
701
47
422
69
47
86
151
378
574
892
279
749
965
113
871
39
136
282
835
159
136
805
397
924
958
566
84
728
602
721
459
123
547
751
481
304
718
880
807
253
719
939
688
654
122
250
704
390
159
96
198
357
219
391
615
3
30
3
618
464
101
29
230
775
652
272
749
796
350
262
821
99
835
283
36
219
428
355
988
828
445
615
265
173
881
758
506
280
940
784
730
743
699
898
129
654
372
52
3
204
44
707
161
602
499
937
581
368
377
773
256
255
542
777
867
211
688
141
273
63
801
7
802
688
296
161
699
575
259
555
62
215
975
71
300
437
17
122
33
815
86
702
218
490
236
649
30
109
356
290
325
944
646
243
211
560
348
796
2
366
949
724
773
114
971
951
417
422
833
547
395
698
919
380
611
723
359
9
807
433
815
722
142
691
678
252
748
644
32
606
807
876
353
907
594
652
263
132
98
931
668
22
270
800
604
530
26
566
341
613
688
696
298
403
932
774
225
931
2
683
619
523
988
878
792
525
571
540
483
154
114
854
599
836
571
554
88
639
756
489
13
63
488
108
778
585
108
285
982
337
774
966
122
808
748
956
494
262
552
537
381
914
839
829
999
61
575
378
836
20
672
507
310
3
606
20
730
113
263
625
192
344
966
732
999
395
264
41
393
625
695
703
759
451
558
106
881
246
217
988
180
59
827
668
247
480
841
541
805
346
219
658
994
909
373
219
806
219
163
914
699
15
96
44
659
558
161
842
880
7
940
32
436
619
999
658
33
64
144
500
9
319
734
294
729
226
806
359
22
409
163
766
20
502
491
161
849
847
470
312
333
66
637
556
505
648
608
336
298
581
629
378
285
32
481
851
796
405
767
344
863
22
715
472
244
644
269
379
514
255
94
458
47
26
728
347
509
231
444
939
404
53
252
758
482
21
849
94
462
828
522
936
329
943
562
368
87
234
371
182
64
251
732
779
220
157
900
927
204
102
913
390
260
787
95
395
381
235
669
879
752
96
133
517
628
797
831
778
27
462
757
198
922
884
999
146
778
161
458
831
49
540
249
395
290
847
196
162
839
398
759
345
958
778
792
201
939
411
848
988
385
420
237
241
255
247
251
767
811
844
242
97
156
366
485
786
626
180
898
586
263
421
130
176
915
992
855
555
624
961
670
136
398
730
436
206
611
250
13
768
636
384
938
341
792
356
17
147
547
2
414
682
373
117
375
580
207
47
756
191
849
417
460
108
265
159
161
699
587
959
772
93
430
99
267
405
283
405
393
552
580
18
244
104
898
206
959
910
631
269
140
879
934
652
337
127
131
954
156
811
878
891
371
75
945
941
127
597
886
361
88
41
46
580
876
914
64
783
590
737
28
259
91
908
949
517
511
587
906
558
759
379
203
40
187
672
302
184
230
184
803
134
939
890
589
37
501
883
828
262
53
476
924
323
235
39
412
554
769
110
161
770
594
373
922
976
997
749
805
549
486
848
323
394
121
695
112
830
377
943
862
73
47
720
384
393
914
298
180
33
657
139
728
790
97
41
730
62
988
434
257
980
856
701
598
703
595
656
8
913
219
155
799
580
657
535
132
360
170
572
317
590
117
194
191
140
26
21
318
47
50
814
506
805
879
976
238
842
561
394
334
103
3
695
150
97
6
477
68
865
840
372
810
700
298
660
944
162
523
100
64
104
387
197
779
808
350
882
6
71
394
311
255
439
40
36
227
282
888
82
170
99
14
269
226
346
153
98
654
244
414
444
308
214
634
232
157
413
880
742
286
112
513
246
766
644
63
755
36
169
381
462
664
956
707
880
69
719
719
843
712
263
64
201
552
650
912
981
250
348
141
849
186
915
480
875
616
278
357
499
989
352
354
280
951
807
554
552
86
263
480
488
750
987
581
732
483
358
345
22
998
406
283
470
181
880
415
278
949
255
920
775
298
903
441
174
535
186
435
396
914
154
338
96
999
653
381
462
350
292
244
560
79
589
257
114
751
612
406
428
219
953
602
531
826
679
943
395
303
616
34
517
141
140
163
104
634
711
4
293
215
437
498
609
311
545
346
672
680
82
940
670
121
751
389
450
10
394
882
247
310
915
361
514
945
804
752
417
719
352
535
812
360
404
812
707
157
278
355
169
895
288
708
808
864
719
634
380
944
978
483
274
234
125
681
308
849
783
947
778
287
209
253
234
287
433
574
393
859
676
688
395
181
163
372
650
635
275
171
219
338
769
458
837
879
73
16
176
395
54
373
327
477
776
210
784
303
375
129
395
216
937
774
644
452
365
278
290
16
691
530
182
630
925
968
858
20
215
337
350
507
750
219
468
264
47
772
142
724
2
5
158
646
976
384
179
262
246
115
906
113
440
740
187
583
272
307
610
626
49
473
132
605
230
209
577
8
723
540
553
988
370
153
201
456
810
329
192
19
494
895
272
169
118
998
659
192
100
164
801
896
150
128
110
471
249
566
816
254
945
26
113
396
262
151
94
284
842
113
388
724
940
86
756
525
246
38
396
173
308
807
310
879
292
245
306
265
750
144
376
374
442
700
771
361
31
40
65
33
563
28
39
85
724
864
44
144
257
580
345
177
668
413
160
344
692
240
171
93
660
347
750
523
442
163
434
355
845
993
127
524
471
538
634
484
497
614
143
201
615
176
516
790
227
562
696
730
213
257
26
12
543
177
122
540
691
435
465
368
554
338
768
91
949
309
784
806
934
262
958
760
707
704
80
970
470
94
786
827
187
435
560
337
380
151
254
191
787
751
246
307
322
496
257
315
61
146
711
417
783
497
366
50
714
131
648
604
730
748
560
132
299
108
107
696
0
948
407
596
8
86
288
382
625
176
646
414
723
873
393
292
773
806
344
338
501
778
632
837
549
942
360
209
787
3
26
283
855
134
570
980
96
561
97
18
130
462
866
261
436
802
404
805
848
380
375
325
849
864
306
416
676
415
87
676
237
2
605
469
850
551
206
119
359
449
416
890
655
350
174
411
659
191
386
354
278
417
588
128
422
236
892
128
539
718
242
93
969
399
212
333
761
86
636
127
197
104
455
666
934
174
402
316
554
480
495
564
187
805
91
927
353
741
647
134
217
66
417
833
50
564
404
924
467
94
883
847
110
88
835
43
139
544
707
384
509
575
490
316
325
344
315
522
472
171
661
483
575
294
700
528
768
927
993
539
510
73
665
980
67
37
402
941
835
405
18
151
984
384
166
937
104
128
530
213
840
18
413
53
719
126
23
221
660
31
137
207
545
913
133
10
246
114
241
215
492
647
352
462
480
50
417
456
28
398
755
782
531
536
92
761
161
18
265
195
586
829
838
454
274
236
659
395
153
707
407
57
215
139
15
16
350
130
654
970
492
104
568
102
53
359
911
163
292
443
71
611
879
27
326
187
355
56
867
520
954
787
