231
201
973
291
371
654
109
34
821
748
915
7
272
47
751
847
857
917
703
134
201
494
29
721
750
779
154
988
632
456
397
385
69
89
865
23
247
235
226
469
646
213
509
850
342
367
304
104
225
600
73
848
124
236
940
674
611
442
767
945
287
275
469
911
973
530
783
976
32
110
278
597
646
111
109
905
636
463
583
611
489
911
222
10
850
547
815
510
733
108
470
86
688
108
183
382
640
922
281
851
836
984
15
73
344
748
25
162
750
51
288
448
166
60
86
180
911
113
825
452
27
462
588
798
718
821
806
95
651
621
183
881
778
721
390
741
54
0
741
325
572
110
380
328
810
362
272
872
377
22
821
937
365
614
354
653
693
290
113
283
697
157
21
609
303
35
142
539
893
539
464
821
558
344
58
791
824
17
202
471
244
562
695
36
267
361
724
202
987
37
279
583
552
987
92
137
855
519
469
941
160
840
734
17
863
191
725
51
692
362
281
700
502
569
949
808
568
265
774
756
950
99
93
60
348
188
792
137
911
359
296
591
740
769
497
602
381
791
626
522
191
330
554
855
397
819
222
898
524
816
18
71
198
207
491
435
176
144
93
128
643
616
273
381
442
547
628
688
911
517
724
757
470
82
457
900
581
232
453
576
246
474
230
65
344
293
913
152
623
124
659
833
629
304
858
940
408
917
892
546
370
318
481
273
798
67
955
385
802
219
307
497
436
344
875
941
298
489
76
513
319
331
76
128
883
300
449
202
371
201
892
116
995
906
219
239
797
137
874
911
963
158
814
975
204
361
883
125
889
622
22
850
944
870
847
15
298
690
538
367
113
277
494
759
514
499
644
411
824
868
0
298
411
674
705
60
738
971
734
58
285
455
924
327
689
698
406
302
206
847
922
265
779
611
17
815
741
177
454
679
581
535
886
580
139
770
591
832
363
842
186
408
973
858
77
582
944
267
219
159
86
514
196
28
415
676
849
604
352
982
735
498
479
816
852
28
898
135
856
434
37
928
23
24
698
911
56
327
47
343
109
718
93
471
406
139
84
382
319
472
366
244
275
784
513
446
975
396
443
269
393
733
538
342
447
973
398
314
155
329
325
688
716
818
733
119
112
16
130
124
688
319
235
235
52
99
134
787
850
849
110
74
384
619
911
112
748
608
260
346
132
127
171
98
265
851
848
125
18
669
789
253
380
492
497
376
403
482
596
976
222
153
86
114
30
443
309
94
119
591
200
26
37
478
692
868
18
38
816
161
511
705
857
562
230
271
669
73
270
976
506
112
54
215
556
583
898
883
556
863
715
536
721
55
46
199
831
373
341
844
291
913
170
436
845
269
24
538
35
330
315
868
577
173
298
866
155
41
197
352
320
357
917
612
182
253
883
548
903
710
975
692
980
2
461
11
366
349
303
501
197
129
884
323
669
874
875
759
401
237
511
124
36
151
586
857
433
328
178
801
359
86
522
49
684
870
151
452
745
188
974
290
99
160
350
987
584
999
314
7
875
72
108
787
193
805
425
807
246
23
895
469
721
921
134
870
234
930
344
428
180
246
958
405
611
863
220
468
359
692
910
344
545
792
267
547
498
300
487
372
942
183
92
429
271
187
835
37
932
497
852
25
928
207
210
273
976
618
774
533
36
309
919
895
669
953
393
801
536
975
833
671
380
325
253
709
4
253
837
226
634
611
442
471
201
816
805
921
82
71
533
154
302
811
58
911
572
55
374
643
833
135
68
108
86
363
311
786
424
65
327
904
74
546
538
222
467
402
23
674
193
769
353
636
543
173
124
864
262
730
911
850
255
32
61
948
445
36
246
669
770
956
950
646
591
693
315
456
684
85
545
313
741
591
344
598
58
196
660
456
246
52
331
658
280
999
362
725
311
26
27
829
32
56
299
123
951
469
92
889
101
309
213
977
779
465
314
850
109
956
743
589
928
883
644
84
812
771
281
203
884
109
454
371
276
938
424
464
748
464
749
64
939
622
99
611
443
517
97
538
697
614
371
779
783
509
111
348
850
78
291
492
134
665
920
721
246
745
603
654
652
765
10
734
348
952
320
917
154
187
803
940
958
900
5
172
550
562
43
895
778
267
584
200
538
440
850
479
674
850
665
545
116
282
652
488
281
144
14
250
293
498
751
381
424
552
458
196
11
180
61
318
658
331
8
751
261
482
74
643
728
963
281
91
818
54
644
806
546
269
353
269
477
340
350
310
695
958
955
839
573
777
33
618
510
792
633
847
955
946
199
412
338
619
591
832
709
806
641
914
298
856
669
952
384
71
880
97
637
734
606
390
947
552
781
123
741
847
360
147
988
7
188
709
329
296
391
127
818
552
449
333
698
115
155
784
428
660
153
727
246
497
186
640
607
653
87
111
238
975
396
202
763
765
949
498
904
94
857
86
265
355
831
682
456
999
110
854
239
32
246
207
764
209
710
625
57
968
750
574
568
264
203
984
209
169
88
656
157
347
611
495
502
801
636
588
604
124
522
965
97
671
653
611
282
721
384
136
414
543
325
463
641
555
464
448
47
658
216
266
86
309
579
49
257
800
756
330
551
616
267
273
512
731
819
8
464
677
332
835
663
756
623
939
577
916
871
270
113
363
636
444
262
721
267
593
348
707
89
341
356
283
368
434
319
5
246
770
40
698
141
758
755
314
170
230
768
690
119
124
36
57
124
453
124
334
915
941
633
15
118
160
968
869
366
259
263
699
463
290
338
344
988
923
288
991
754
186
381
319
497
669
800
718
587
287
930
410
764
213
692
200
390
163
386
487
113
139
781
249
692
408
680
292
827
658
290
316
174
947
552
94
344
356
839
7
433
10
343
568
727
920
290
60
773
17
204
119
933
540
741
142
491
913
58
721
835
182
735
517
600
156
240
36
829
487
566
97
507
82
749
58
58
406
913
235
701
752
3
549
825
313
545
83
773
381
752
492
507
128
801
706
151
879
340
663
600
979
696
716
87
944
50
885
701
911
453
269
351
868
344
291
283
705
86
469
426
311
997
161
735
729
125
395
868
369
358
711
916
169
373
725
359
506
907
266
323
721
191
53
751
57
138
319
695
61
855
552
580
748
652
765
961
436
348
776
381
16
897
288
772
368
572
708
921
621
693
260
459
577
132
298
735
562
5
391
343
142
807
287
107
331
816
92
449
106
61
55
721
32
247
128
197
554
73
385
380
133
187
256
303
506
85
436
30
941
957
679
476
953
396
539
326
971
516
731
275
617
23
857
337
458
751
454
22
109
554
892
714
205
95
492
419
129
121
433
106
406
979
866
868
608
96
37
488
338
823
50
718
775
860
481
453
909
538
17
724
381
751
240
764
39
614
778
600
647
406
259
871
197
314
99
911
356
129
179
408
278
339
275
43
826
748
74
433
787
839
658
123
277
981
440
266
643
203
957
83
868
761
358
733
352
469
344
348
273
415
780
861
319
954
564
244
245
671
772
846
778
341
855
58
92
420
883
271
464
266
93
119
55
454
975
774
672
452
453
778
950
652
222
357
711
878
124
68
375
341
264
626
51
119
977
363
248
643
82
719
242
951
21
510
36
899
341
310
950
114
12
25
195
35
5
141
242
97
475
492
232
456
835
816
944
200
409
157
362
717
824
32
161
748
850
677
840
851
298
343
806
578
429
488
159
346
641
616
189
999
955
417
360
634
772
899
301
77
377
505
420
481
303
777
808
277
699
425
574
425
613
103
891
452
609
710
63
884
452
352
273
414
155
556
777
420
332
848
129
892
324
370
477
842
643
371
754
373
155
879
4
791
372
253
939
97
593
464
685
445
670
522
950
364
888
197
231
94
275
376
374
618
136
3
46
787
414
325
989
47
302
634
360
73
957
874
252
278
538
989
842
163
108
471
987
349
658
721
8
67
492
645
650
406
187
596
931
866
597
50
616
526
373
913
568
826
316
409
244
913
816
777
545
47
818
733
795
354
352
849
134
943
38
951
17
525
701
94
518
397
82
329
245
348
96
109
259
330
375
442
27
54
874
344
180
365
141
481
610
222
177
329
231
850
125
835
90
248
179
572
365
356
124
640
101
796
502
281
873
944
245
143
119
298
868
791
448
327
636
787
251
906
912
270
479
691
546
75
391
30
34
90
122
816
406
51
99
924
267
103
232
288
556
952
32
784
262
302
671
308
116
112
341
18
68
977
911
187
291
444
110
311
473
10
865
816
845
136
648
170
412
846
932
728
448
27
798
837
310
97
867
457
554
920
852
484
663
162
436
415
911
226
415
525
924
359
997
747
637
151
209
941
64
895
108
135
817
186
516
194
272
892
471
844
51
54
892
90
911
614
545
124
569
271
380
124
986
109
398
59
547
427
70
422
200
458
450
283
308
697
824
64
381
963
434
754
350
883
374
714
267
732
330
112
970
325
246
110
433
777
157
36
76
842
281
812
498
221
930
258
982
956
665
34
764
136
556
74
751
774
956
541
579
264
751
314
224
591
847
73
670
597
491
104
431
310
328
369
551
761
921
724
280
797
719
76
246
414
431
730
666
779
954
663
560
657
913
806
508
315
654
419
74
944
170
396
911
71
185
512
202
748
374
611
16
129
748
498
133
15
33
8
319
245
282
212
287
311
911
187
243
66
331
75
549
280
663
513
922
345
0
493
37
17
407
292
934
885
568
237
500
538
302
311
267
18
577
51
63
361
911
549
186
207
228
430
646
51
12
970
979
855
170
786
900
447
174
380
836
118
469
47
163
173
779
753
4
124
550
572
211
488
406
945
873
577
576
608
280
210
108
938
870
247
142
886
312
298
8
396
670
879
921
795
947
983
662
124
611
319
434
408
903
558
124
314
654
625
265
734
951
405
118
289
281
880
791
454
184
406
281
18
850
483
299
869
237
233
170
821
838
964
170
200
8
618
587
240
201
663
382
759
256
395
497
391
18
331
242
861
849
54
705
363
750
318
658
253
536
109
362
702
698
269
912
850
911
159
375
491
573
456
50
180
143
113
108
114
491
44
669
919
483
705
265
491
796
107
588
264
425
46
635
911
459
847
338
659
245
750
914
164
984
611
113
427
462
27
125
492
643
459
355
390
611
806
70
858
457
506
88
225
123
848
745
187
294
16
153
305
343
360
346
44
429
363
506
232
478
588
676
124
498
253
874
911
145
36
151
428
874
380
665
358
472
538
563
314
796
337
998
701
787
240
938
281
162
600
552
627
954
572
37
457
348
712
364
665
281
278
830
643
228
874
359
833
480
884
523
808
964
97
947
892
226
260
702
960
904
793
972
64
36
496
601
124
395
899
911
693
754
659
483
69
26
431
648
988
985
37
395
26
581
852
436
538
408
844
868
663
275
245
733
14
751
734
497
944
594
735
196
472
816
334
3
191
609
748
65
344
219
436
38
23
106
337
821
187
912
890
338
289
995
816
646
681
954
742
242
710
788
721
494
384
2
137
868
746
772
562
240
30
889
646
682
64
779
343
110
180
691
948
392
777
950
562
73
265
646
407
640
588
122
125
126
373
556
879
605
209
356
472
602
425
301
518
554
588
747
325
351
893
307
262
580
601
675
460
395
958
381
968
55
201
547
758
936
876
356
94
360
147
34
14
47
666
893
469
288
803
866
390
566
187
162
824
462
139
39
755
688
879
452
885
108
228
693
871
658
408
688
668
128
895
253
174
397
730
973
938
663
774
871
832
816
120
695
2
490
383
637
121
294
591
603
414
348
331
467
705
112
580
671
282
674
175
765
826
94
10
643
161
421
442
113
464
395
627
71
513
182
342
134
249
758
456
754
97
676
20
870
40
946
10
201
887
839
304
330
407
653
637
852
791
113
597
48
663
144
184
482
222
625
130
491
460
771
442
258
806
835
217
163
576
652
234
87
424
341
85
482
295
968
125
138
987
670
299
758
777
828
903
426
517
249
870
924
633
347
443
581
245
122
917
624
270
179
641
135
979
850
119
799
122
266
8
554
173
225
795
352
524
757
585
843
4
337
715
7
126
824
39
790
73
444
832
287
636
40
643
39
636
201
383
344
528
363
484
107
512
66
879
241
549
60
361
917
907
12
150
522
134
290
292
311
140
259
40
790
380
358
630
600
378
611
94
342
382
58
489
944
748
365
981
870
546
755
721
662
230
823
151
440
798
420
805
593
502
54
0
202
968
652
718
619
176
29
910
489
643
707
555
327
805
212
863
696
774
378
987
480
15
43
271
874
153
417
913
777
58
867
947
151
783
952
39
140
912
962
424
31
24
523
656
329
317
955
980
206
304
721
635
242
556
36
124
457
898
62
50
791
656
618
214
582
44
123
452
635
481
130
911
131
809
433
830
991
984
86
364
240
852
777
414
714
95
696
511
921
807
121
940
123
129
306
462
852
195
202
541
236
301
153
507
230
930
973
801
40
36
449
180
594
463
748
17
998
47
697
265
552
395
415
314
459
471
905
702
631
536
124
442
701
498
185
235
97
476
670
669
682
212
611
505
860
842
862
44
394
372
474
777
404
851
694
887
14
201
764
116
975
818
771
417
69
269
344
100
248
913
281
406
710
389
219
164
807
800
880
499
113
161
220
112
880
186
968
112
100
315
267
112
456
395
358
661
99
331
507
692
381
136
637
469
319
870
951
332
282
663
893
202
246
36
231
676
361
994
456
290
477
444
920
380
304
893
981
91
901
269
786
764
749
359
80
345
629
64
7
328
562
124
93
887
910
846
80
842
408
113
806
281
376
572
201
777
355
415
503
469
983
761
374
227
246
109
301
14
108
219
281
743
328
911
384
343
44
751
58
429
55
168
395
934
625
921
219
39
940
36
353
932
171
607
437
92
116
10
51
230
51
216
231
50
607
290
342
348
998
544
483
536
342
256
279
483
779
59
621
787
943
636
841
808
352
341
612
764
281
291
215
501
380
513
808
50
995
695
710
346
431
275
443
384
692
587
748
465
340
124
380
387
797
374
230
110
104
51
93
857
17
769
870
434
988
497
280
397
394
568
784
497
816
253
288
279
227
3
190
644
101
139
599
957
732
758
832
184
519
990
810
856
33
643
806
939
698
11
316
218
505
230
367
260
233
863
968
994
593
899
143
251
715
792
733
701
390
456
105
312
605
807
93
431
787
292
71
282
938
209
652
780
924
368
616
452
14
289
490
318
187
187
193
135
75
769
6
463
588
621
601
51
116
580
887
591
919
699
840
483
593
265
584
893
702
239
88
854
259
279
192
676
39
911
241
214
209
510
28
667
558
910
754
521
768
870
871
109
902
134
389
32
855
295
109
641
146
852
138
96
42
434
226
463
344
932
385
467
124
674
361
26
627
892
545
556
883
611
719
799
389
852
277
144
26
936
839
610
815
538
123
748
407
651
292
714
108
337
809
60
883
99
610
107
801
636
97
321
29
241
514
990
594
973
10
202
253
82
194
17
509
772
741
42
989
151
303
887
552
957
777
109
434
460
655
413
337
168
308
939
783
801
82
973
536
698
905
377
539
203
788
239
517
208
358
870
390
309
954
365
943
845
570
151
380
615
219
695
203
214
579
910
463
457
278
331
132
219
353
435
58
405
685
212
552
973
308
903
506
367
188
191
829
103
46
895
704
44
482
381
139
524
942
301
408
730
440
338
721
556
390
952
948
714
290
239
750
887
452
451
539
132
341
564
25
688
788
199
356
128
541
77
6
198
226
958
464
949
12
734
599
689
267
809
735
359
706
588
621
562
835
196
347
943
748
835
360
383
856
28
699
597
143
129
539
123
831
154
287
455
829
304
721
219
370
312
8
538
772
552
576
510
973
200
758
749
90
730
868
380
524
380
401
842
106
867
195
56
754
721
944
741
406
777
464
664
207
471
583
790
377
73
30
60
288
62
230
151
92
491
821
135
112
947
151
409
38
815
108
354
432
790
625
983
604
291
107
309
494
32
47
86
8
378
574
892
104
749
457
113
871
34
136
281
51
211
136
574
108
924
984
513
138
562
602
709
883
329
829
817
481
304
718
880
807
8
301
943
590
656
32
172
637
479
159
96
197
357
219
389
658
4
30
6
677
464
294
44
277
824
652
270
749
796
225
184
581
100
698
283
84
219
428
355
988
828
693
658
254
173
881
758
506
364
434
477
730
488
998
898
134
654
363
52
6
155
57
637
161
702
643
924
817
368
380
619
221
170
816
777
820
211
665
141
273
58
46
7
802
688
109
164
695
575
151
555
62
215
975
123
300
900
17
65
33
815
86
702
218
109
236
649
30
109
278
290
325
125
730
39
209
768
346
63
2
366
949
724
868
26
669
948
417
816
483
705
395
476
919
378
611
591
491
58
970
796
815
641
142
691
600
39
748
843
947
606
646
578
353
458
594
652
264
132
136
109
668
22
270
692
604
482
26
513
341
613
688
696
298
403
329
502
225
723
2
679
619
806
988
878
516
839
571
634
483
219
124
709
599
597
863
694
88
610
756
489
316
58
488
108
778
585
108
282
578
374
434
459
30
808
748
787
448
262
239
537
381
484
839
829
999
61
555
378
837
99
672
878
310
911
786
85
588
55
264
510
182
101
966
553
434
389
264
44
947
472
764
703
759
777
513
470
881
243
169
995
242
55
881
538
387
800
841
313
981
460
37
658
994
868
373
219
806
219
163
914
776
86
658
60
808
26
344
757
671
7
940
47
436
619
572
658
5
64
130
591
134
319
734
104
506
200
806
298
22
409
163
859
210
502
491
219
899
477
470
312
333
58
480
556
505
877
474
280
298
581
398
182
288
39
893
831
796
797
419
344
24
102
461
472
244
991
269
379
788
255
7
611
39
26
720
106
509
231
444
317
124
36
265
693
481
21
849
94
806
513
522
936
123
956
772
380
84
234
380
182
47
251
754
779
233
157
417
928
200
102
60
390
260
787
40
395
381
235
669
879
752
698
124
517
483
697
831
778
27
462
660
198
922
884
570
145
778
164
922
831
50
513
250
395
290
847
281
162
839
761
759
345
958
635
792
201
55
411
848
988
741
778
37
239
243
247
212
767
904
434
179
99
156
366
778
695
626
276
898
586
263
421
725
212
556
947
998
555
454
39
665
99
398
730
436
206
611
273
81
518
636
384
936
363
596
358
17
978
547
774
414
682
373
117
383
669
207
71
412
850
849
328
385
108
196
159
161
930
956
910
772
96
636
51
267
405
903
606
393
285
580
134
244
104
898
206
959
910
845
41
140
879
962
921
337
127
58
582
156
811
878
492
371
125
51
962
127
806
582
361
88
41
46
580
831
484
40
769
487
737
45
277
91
978
949
517
511
587
906
558
759
380
203
31
219
780
825
196
151
184
730
277
315
890
691
35
824
883
0
262
53
476
924
322
676
46
412
562
387
110
161
282
887
370
769
972
947
884
805
591
486
556
323
693
121
306
112
516
377
943
862
73
30
806
105
392
914
278
180
33
471
703
728
714
97
41
730
33
988
885
207
980
856
863
598
718
595
864
292
913
219
200
756
506
657
870
131
360
343
910
317
590
72
182
341
140
397
21
73
58
58
814
55
805
723
976
580
655
561
390
102
462
456
488
344
99
5
477
448
865
267
372
878
282
113
547
944
235
523
100
55
372
358
658
779
619
350
572
5
562
33
311
255
865
46
36
295
282
888
82
184
99
14
272
226
346
192
98
654
244
414
444
308
201
778
232
152
558
671
662
287
113
748
246
887
644
60
625
62
169
381
840
556
944
597
880
69
719
109
843
816
264
1
201
652
650
912
981
286
348
133
470
186
915
636
464
871
276
357
596
986
352
339
51
951
807
312
911
721
263
637
488
750
987
581
732
483
359
345
145
419
406
283
607
181
668
415
278
124
256
406
46
298
816
492
341
464
186
562
117
630
186
338
93
434
505
51
462
277
340
244
971
110
545
222
943
751
612
406
428
434
76
702
635
409
679
46
395
303
783
344
872
141
140
163
104
634
461
5
285
217
437
498
609
70
545
346
672
737
82
940
665
121
414
588
791
12
390
882
247
124
915
361
792
945
737
506
701
719
352
535
812
357
404
310
631
158
382
353
176
895
288
604
699
717
772
730
380
944
437
483
287
234
125
709
308
849
584
947
530
272
226
253
179
282
842
574
6
962
676
688
389
188
163
562
650
635
275
600
201
338
769
921
427
591
73
16
176
389
54
373
993
810
776
210
767
306
374
129
395
219
937
806
644
452
365
273
290
113
691
688
151
630
957
816
858
58
215
2
350
771
868
207
468
264
47
584
142
540
2
5
237
646
913
384
850
224
164
112
906
113
907
740
187
583
20
307
610
674
327
171
132
772
277
209
577
8
509
755
553
393
370
265
201
456
741
79
262
19
20
895
272
212
566
987
725
276
100
164
801
896
220
128
110
471
249
566
911
299
315
26
113
396
281
196
94
286
721
113
388
724
955
86
505
764
86
28
396
173
319
318
310
879
292
245
314
265
750
145
372
374
442
709
409
357
112
39
58
36
758
28
26
85
724
864
44
144
341
580
364
283
668
764
203
344
626
240
596
93
660
347
750
868
442
180
434
348
474
599
132
461
983
538
634
628
497
584
124
201
615
222
516
790
246
562
696
730
213
267
25
7
543
342
124
395
691
606
491
381
554
338
768
86
459
368
600
806
939
262
345
760
707
707
84
980
470
94
787
492
201
588
560
334
380
151
509
191
868
751
246
74
322
496
247
46
502
146
711
701
783
497
36
62
714
133
648
737
730
748
518
144
271
108
58
467
69
988
407
587
8
86
288
382
625
176
970
414
723
583
392
282
773
806
346
338
772
778
851
836
623
607
328
209
787
3
26
283
424
134
774
107
96
561
97
16
130
462
866
249
436
882
404
712
848
24
375
643
973
864
306
416
676
415
97
676
158
396
709
730
196
440
206
119
359
449
416
880
655
353
174
411
725
191
385
339
278
911
790
128
422
236
835
128
646
718
242
82
435
584
218
398
761
82
524
128
197
15
826
431
932
250
546
62
864
480
495
556
187
443
91
463
353
620
463
134
643
60
985
833
36
564
404
937
582
94
883
847
115
7
409
43
98
469
600
384
509
575
524
316
778
344
315
772
472
172
661
483
692
294
721
402
264
969
995
748
919
73
665
980
62
35
752
607
835
472
18
151
984
151
166
937
281
96
851
213
108
17
830
53
518
79
280
213
915
31
137
207
545
913
82
12
61
114
164
215
492
712
352
658
637
646
417
733
65
522
970
688
851
698
693
761
161
145
265
195
847
565
692
509
274
236
551
491
153
707
407
37
750
140
15
16
340
99
654
970
556
298
824
102
58
358
911
163
340
452
71
643
879
390
326
377
355
952
864
760
943
787
