231
201
5
291
371
654
228
34
821
773
191
8
272
325
751
847
857
401
905
9
198
812
1
721
750
779
154
32
605
752
397
171
640
89
667
23
163
174
226
469
646
213
476
296
370
203
304
104
246
764
645
481
793
268
940
910
611
442
844
945
292
275
634
117
396
530
783
972
41
397
278
764
958
969
65
905
655
659
594
171
599
502
267
10
341
820
132
510
440
108
572
86
531
201
183
382
784
916
736
688
541
984
15
70
246
666
323
162
750
365
288
449
164
57
19
178
522
950
730
411
33
731
842
798
442
749
171
95
651
778
183
579
778
750
390
116
67
0
741
325
572
110
377
807
413
362
272
646
897
22
821
937
365
614
354
653
408
290
113
262
697
157
21
408
303
35
142
530
636
955
608
709
699
164
825
791
806
17
202
479
244
562
326
36
267
361
724
254
998
311
258
583
355
151
33
137
855
637
756
941
212
840
734
19
201
191
515
348
434
293
284
999
502
779
722
879
346
267
774
660
950
99
93
44
125
169
440
137
522
359
296
789
740
508
449
422
381
791
711
522
191
330
554
453
390
614
222
898
524
816
128
3
524
244
375
435
169
144
23
127
438
935
250
382
873
547
628
754
658
662
576
757
112
85
457
727
581
232
453
724
246
816
260
65
913
293
319
152
623
939
659
437
629
302
858
940
847
467
892
907
496
707
481
273
798
289
545
385
197
219
307
562
751
210
875
941
105
702
77
513
700
331
125
135
55
300
449
170
371
186
528
116
995
727
265
195
797
137
874
105
567
259
814
562
204
361
37
119
740
622
22
552
944
670
847
15
298
345
628
344
79
277
708
759
502
499
644
564
319
952
0
298
636
674
412
53
738
939
734
93
285
828
924
397
885
873
406
302
206
847
922
267
779
884
17
287
699
177
756
488
254
751
886
580
139
774
61
832
342
608
186
408
296
858
76
582
944
244
267
159
136
514
196
28
415
676
849
604
352
982
887
498
535
422
852
28
898
135
856
790
36
452
23
73
727
434
54
327
47
370
109
821
93
471
497
139
17
29
319
694
366
255
275
845
566
767
425
396
443
174
393
920
580
177
460
384
398
314
201
29
325
487
716
818
554
61
650
16
85
58
648
319
225
174
44
99
134
652
245
264
110
115
384
524
911
112
464
608
271
346
134
127
171
98
265
373
848
947
96
545
904
171
568
787
857
376
403
482
596
807
222
153
86
937
64
774
223
143
119
883
244
989
67
478
629
410
18
38
816
164
511
867
771
562
230
271
534
512
270
980
506
112
410
215
414
583
626
657
694
507
661
839
669
563
46
199
593
370
276
688
291
913
254
436
470
270
22
554
35
330
144
530
485
169
298
649
196
293
344
350
72
357
917
612
255
253
849
904
903
710
483
721
980
2
640
92
366
349
73
667
233
131
469
326
980
874
875
759
401
241
511
957
119
279
586
406
433
462
354
837
359
86
522
272
724
671
151
452
664
250
974
290
99
160
350
891
319
710
314
88
513
93
939
778
294
805
449
807
246
23
895
469
739
921
134
870
237
942
150
428
178
246
958
405
611
416
242
656
358
674
910
3
665
170
160
820
498
300
487
378
942
852
95
574
298
360
442
118
932
611
852
31
924
159
210
271
976
618
774
953
36
310
919
603
669
998
110
433
724
554
744
671
364
325
171
868
4
253
836
226
324
703
442
855
201
816
805
921
41
307
533
154
302
811
50
816
572
59
374
514
540
128
57
108
86
259
311
606
773
988
3
904
310
546
538
222
467
402
88
674
193
769
352
597
422
353
123
864
262
730
474
266
255
32
962
948
639
814
246
669
797
105
950
829
723
880
315
862
719
338
545
313
695
529
294
598
67
227
660
444
246
29
330
796
298
470
362
639
94
371
27
547
32
63
383
123
310
561
92
124
101
120
213
148
705
465
315
254
955
956
743
422
928
907
644
91
812
771
177
355
406
109
624
371
276
938
424
528
958
844
622
59
939
622
99
646
443
812
137
497
552
614
371
779
543
454
64
348
105
78
291
492
134
491
583
721
246
782
603
575
652
849
10
734
341
599
840
917
154
187
942
940
958
727
5
171
550
437
43
803
423
254
879
219
425
907
211
479
477
364
695
545
960
676
847
703
816
144
14
249
293
498
751
381
498
552
490
850
11
243
61
324
359
350
112
751
261
482
319
457
728
934
283
91
691
54
626
806
879
269
355
272
477
282
350
72
695
958
965
839
450
420
6
422
510
792
823
847
940
324
80
756
336
542
310
832
586
150
816
914
298
444
879
948
271
123
880
97
844
734
596
390
428
552
481
123
620
657
337
34
994
355
181
629
344
540
141
127
494
840
705
333
698
110
155
784
428
874
194
538
246
449
185
506
619
653
88
329
242
562
879
192
763
669
949
498
64
94
670
86
267
355
876
525
777
999
110
168
239
32
246
162
764
354
710
510
9
968
106
722
568
264
203
984
209
169
88
436
157
347
794
495
502
801
636
581
604
123
805
965
97
341
999
611
186
835
368
136
414
543
816
653
641
554
939
94
88
658
216
267
85
316
579
49
257
620
756
330
551
616
267
286
512
731
819
8
464
677
980
835
847
576
749
939
861
916
421
270
941
85
636
870
262
516
161
558
349
606
20
341
358
283
368
626
319
110
246
770
40
562
94
871
755
314
360
171
496
690
0
344
36
44
114
398
958
334
704
939
633
15
118
206
967
840
369
157
273
644
428
290
193
161
335
118
290
938
759
186
380
88
497
672
762
821
413
287
930
410
413
260
648
200
390
211
958
707
113
139
770
250
704
408
929
213
827
502
290
317
227
947
591
94
691
358
839
806
433
10
345
568
727
920
293
44
773
17
154
119
122
540
881
142
491
913
79
936
835
202
614
517
488
156
241
36
829
487
566
97
507
910
749
58
123
406
913
224
795
852
5
434
825
313
545
292
363
381
499
674
507
128
801
634
171
414
285
668
502
888
696
912
88
944
980
885
701
615
209
174
351
868
344
287
186
547
86
469
494
303
99
210
735
926
308
395
738
369
359
711
916
169
350
849
157
506
907
267
323
721
913
695
751
57
138
319
844
66
927
942
561
748
652
765
961
436
348
566
171
16
897
288
311
368
63
448
498
958
94
260
34
783
132
293
619
344
344
391
291
142
807
286
107
331
816
92
867
106
61
64
721
341
164
143
226
554
156
344
382
133
187
256
307
506
133
511
397
941
957
457
788
879
936
539
326
971
516
655
275
617
23
857
106
781
864
415
22
126
586
892
714
214
88
736
629
129
119
433
106
406
979
856
541
568
93
79
228
338
823
50
835
775
415
481
729
909
483
19
780
375
436
238
413
39
614
778
792
647
406
259
871
197
91
99
945
81
129
38
408
272
339
348
91
409
464
76
433
787
510
658
123
277
730
440
181
433
180
941
141
868
798
334
733
352
469
344
348
274
996
867
861
24
852
982
244
245
671
314
637
848
331
696
58
133
420
725
280
464
266
93
766
64
454
976
774
672
452
453
618
942
268
491
357
711
810
138
142
375
341
264
700
807
119
977
337
145
643
217
452
180
961
21
510
20
505
297
75
950
114
12
25
242
103
103
142
242
143
868
646
232
456
835
246
391
200
892
157
361
717
469
38
161
748
850
644
840
498
298
343
911
638
429
600
211
999
918
997
188
999
955
417
294
416
796
739
301
330
377
850
420
105
303
777
808
335
699
853
574
343
613
103
891
434
609
710
52
857
325
352
176
676
154
556
657
420
338
822
129
892
324
372
477
842
614
371
854
104
220
589
394
830
644
273
813
97
414
812
826
639
575
630
948
359
718
199
230
94
235
368
377
618
131
2
46
787
790
325
989
47
302
634
360
77
88
874
252
340
538
989
842
243
108
471
926
350
658
721
8
67
556
749
589
896
185
907
931
686
758
970
821
526
373
980
722
826
314
892
244
983
816
910
828
47
494
65
795
354
352
849
134
943
293
951
17
525
417
94
560
955
321
329
245
354
96
55
259
330
375
442
27
57
874
433
180
852
141
478
610
230
226
329
231
29
316
636
90
171
179
572
597
356
124
891
431
13
420
383
597
944
225
143
980
298
960
576
448
201
844
861
222
906
755
269
479
691
546
73
3
572
34
90
122
816
406
101
99
961
267
12
231
288
640
952
32
845
262
302
671
308
116
112
514
19
49
727
806
187
269
444
110
311
804
10
495
816
845
136
700
177
897
673
960
797
448
941
798
836
310
11
867
457
871
626
852
484
483
162
656
928
929
226
960
525
924
359
997
756
329
151
207
957
63
895
397
142
511
201
851
203
269
778
690
844
51
66
892
90
496
614
545
488
874
271
380
122
986
344
644
57
547
971
70
422
200
681
450
106
308
697
735
64
381
963
804
848
189
883
374
455
267
732
330
112
733
325
163
110
211
777
156
394
148
6
358
812
820
221
116
258
834
126
444
33
683
136
664
73
688
831
938
659
579
264
511
314
223
524
847
73
670
806
649
104
431
310
328
777
861
761
92
724
280
797
629
815
225
414
588
803
435
779
954
565
560
466
913
329
721
71
654
744
72
956
233
110
452
71
260
443
222
144
374
611
16
146
748
466
133
17
33
86
319
245
292
196
331
311
911
155
255
68
331
879
919
280
61
513
592
211
395
493
290
17
407
292
934
840
568
237
500
958
300
995
189
18
780
51
596
275
157
942
186
154
228
430
835
363
939
970
979
783
296
408
808
447
174
91
801
50
849
47
163
173
779
753
777
120
827
572
159
616
406
937
873
896
576
608
249
210
936
222
870
247
142
707
303
298
8
65
817
721
692
795
70
621
527
357
492
320
721
408
614
432
467
450
675
554
245
656
951
755
123
356
377
824
101
454
192
668
266
143
882
483
364
869
262
177
177
821
433
964
229
197
8
618
866
241
198
449
382
759
244
484
873
391
20
104
242
577
443
54
779
363
539
317
943
238
576
983
362
702
884
171
912
229
805
246
226
491
241
843
50
225
143
113
121
514
751
44
669
840
728
874
383
491
937
107
811
235
425
84
635
112
459
847
2
659
245
276
914
164
779
58
113
427
462
27
120
464
457
434
267
939
966
720
312
858
434
879
88
225
49
848
745
187
294
16
153
16
347
360
255
44
852
298
506
348
861
790
242
122
498
253
874
939
97
22
151
428
874
378
688
91
472
640
563
630
796
337
998
701
796
231
938
938
161
583
552
466
954
883
37
785
348
969
364
413
191
278
49
643
270
874
359
833
480
328
559
879
964
133
947
677
235
244
702
910
641
793
525
850
37
797
601
306
389
882
928
731
848
659
483
69
27
434
648
852
956
234
681
26
436
96
656
538
408
771
118
663
275
243
733
14
751
734
497
944
881
728
153
389
201
334
674
191
656
851
50
876
219
436
38
350
294
337
821
187
912
752
338
289
993
695
646
848
840
742
209
696
197
782
786
327
2
20
567
430
807
727
240
32
740
825
682
64
754
346
432
180
193
948
110
777
950
857
107
267
646
407
640
431
122
124
126
373
721
697
861
262
356
830
602
425
79
518
727
588
496
57
350
748
307
262
375
601
654
460
397
649
381
968
64
850
547
855
936
876
359
95
360
147
362
19
367
967
686
570
348
803
866
64
432
187
164
307
840
139
39
755
688
879
998
474
329
267
852
871
796
732
688
668
128
895
158
174
397
730
973
938
857
774
871
832
816
933
889
3
268
275
637
121
337
591
525
637
99
350
427
829
8
510
671
292
674
175
703
892
91
15
988
161
743
442
988
464
395
627
71
683
182
269
134
249
122
456
469
97
23
20
428
40
318
15
202
958
914
965
237
654
653
409
852
449
150
906
298
888
129
211
732
279
625
130
751
460
527
497
270
806
471
217
163
913
652
234
749
892
342
85
899
295
574
120
145
189
613
783
517
777
828
470
778
668
249
870
924
633
347
411
581
245
122
917
624
279
179
843
135
525
154
118
660
435
199
8
483
353
225
795
171
474
660
629
843
394
106
439
7
126
824
43
790
840
444
970
287
465
94
370
344
748
219
171
384
848
298
755
107
512
783
857
241
745
44
361
11
440
11
150
522
134
290
292
311
140
259
397
811
370
358
627
600
385
611
12
106
382
58
695
944
63
244
981
665
546
807
721
662
230
459
225
907
637
910
805
593
673
66
0
202
618
465
718
437
271
29
910
646
570
707
555
327
405
196
616
849
774
378
331
480
16
43
331
874
719
701
646
777
348
867
494
151
763
941
39
140
634
962
971
31
289
428
627
115
317
955
980
183
304
435
635
242
414
45
93
834
653
518
815
807
656
999
214
953
44
988
824
545
481
130
816
86
967
699
523
991
984
97
364
240
852
813
414
844
95
711
817
921
807
272
941
51
134
306
798
245
649
202
541
236
301
153
422
230
930
149
801
40
302
449
180
594
463
748
17
317
542
564
370
177
395
415
314
813
377
619
702
435
724
280
437
701
498
192
235
97
476
770
174
807
212
646
550
555
842
702
41
394
373
474
596
405
598
694
887
912
201
764
116
833
422
507
417
520
235
318
100
210
858
281
406
907
792
219
164
807
800
479
499
113
242
941
110
880
186
855
112
100
315
222
52
723
120
387
870
99
350
653
919
355
136
637
966
319
670
989
333
292
406
637
202
246
367
230
676
334
994
456
290
632
444
637
380
317
528
981
80
960
272
604
764
456
359
80
103
629
71
8
328
835
124
96
887
910
545
91
785
408
52
329
281
291
572
196
777
355
415
503
876
983
761
374
227
243
355
301
14
115
216
199
771
328
382
356
362
44
511
141
429
31
163
0
934
694
921
219
43
941
36
353
932
171
584
720
92
116
17
17
157
483
212
231
50
556
290
342
348
998
849
483
730
341
244
259
483
779
40
621
787
939
636
841
808
353
260
612
395
676
291
210
474
380
695
927
50
995
740
710
346
222
275
443
384
401
740
748
465
340
314
371
358
636
374
374
110
104
51
93
857
852
769
661
434
114
497
279
397
428
568
784
873
470
253
183
980
250
395
190
71
23
139
960
666
759
395
832
184
519
778
810
820
35
739
806
939
698
11
37
219
427
230
364
267
233
863
968
7
593
216
143
176
914
792
821
720
59
777
105
311
530
898
93
431
787
245
965
646
935
209
699
780
965
368
329
452
20
289
650
74
187
187
338
9
75
516
148
478
588
621
601
41
116
449
636
794
405
494
462
483
593
266
584
833
702
239
22
577
259
279
192
223
39
806
217
214
209
554
28
667
644
910
848
901
768
671
871
397
902
132
176
43
455
295
947
641
360
852
138
136
48
434
226
463
344
964
366
467
124
771
361
133
627
787
506
556
883
646
719
799
391
955
277
144
32
944
749
459
334
538
123
492
407
876
288
911
393
365
952
53
653
97
610
107
397
709
97
323
330
241
587
990
699
397
10
202
246
337
194
320
509
680
721
64
989
266
306
458
552
950
563
815
999
718
655
413
337
163
308
939
783
740
86
616
536
663
905
377
567
153
788
239
517
251
265
615
397
309
843
367
939
845
570
263
382
490
220
786
203
214
736
910
314
457
278
352
132
256
355
435
38
908
465
212
862
115
304
105
113
369
188
238
829
357
40
807
643
42
742
370
141
524
957
939
408
730
737
338
932
651
63
852
939
610
749
241
750
462
393
451
984
132
719
564
25
851
788
199
192
128
875
73
20
198
226
9
777
949
994
734
933
411
297
909
735
429
706
848
621
835
409
196
347
943
411
835
357
383
856
28
58
653
143
129
840
123
502
243
288
711
705
304
721
216
370
302
7
727
772
552
913
975
115
155
535
672
90
730
109
380
524
309
256
752
106
867
195
56
481
452
944
922
790
432
431
688
163
915
583
790
259
611
30
770
293
61
230
151
92
655
821
381
486
356
151
778
38
76
109
354
432
790
625
6
883
291
5
377
422
69
47
86
151
378
574
892
104
749
965
113
871
39
136
287
51
168
136
574
328
924
958
513
353
36
602
721
459
123
547
751
481
304
718
880
807
274
849
943
688
654
32
250
637
801
159
96
198
357
267
389
615
3
30
3
618
464
145
29
277
879
652
272
749
796
350
225
627
99
839
283
58
219
428
355
988
828
693
597
245
173
881
758
506
280
940
784
730
743
699
898
134
757
990
52
3
155
57
707
161
702
499
937
581
368
377
773
233
255
816
777
867
211
866
141
272
63
320
7
802
688
850
161
401
575
151
555
62
215
975
123
300
727
17
122
33
815
86
877
218
109
246
708
30
109
356
290
325
73
277
245
211
560
346
796
2
366
949
724
773
114
971
574
417
577
483
547
395
698
919
782
611
723
346
9
755
433
815
722
142
691
861
252
748
644
32
606
807
578
353
458
594
652
263
132
98
931
668
22
269
800
604
745
26
875
341
613
688
696
298
403
788
774
225
117
2
68
619
474
988
855
784
525
571
540
483
154
114
709
599
597
571
694
88
903
524
489
13
63
488
107
892
585
108
285
982
271
774
966
123
808
748
956
494
262
361
537
381
484
839
874
999
61
575
186
836
20
672
507
310
52
786
19
595
113
263
510
192
344
966
732
999
389
264
63
953
625
695
703
759
451
699
106
507
246
212
988
180
59
827
668
239
480
841
313
701
101
309
658
994
909
373
219
806
219
163
754
699
94
96
44
849
558
161
6
671
7
940
47
436
619
700
658
33
64
129
549
9
319
734
294
506
226
658
106
22
892
163
634
20
502
491
161
849
847
470
312
333
66
637
556
505
458
608
336
298
581
629
359
285
32
481
750
796
672
767
344
855
22
715
472
244
991
269
379
514
101
94
458
47
26
710
347
509
231
444
939
17
36
184
758
482
21
808
94
750
882
522
936
329
956
611
368
17
244
370
192
120
251
754
779
514
157
900
928
204
102
61
390
260
787
95
395
381
235
669
88
752
840
123
517
628
808
434
778
27
462
757
212
922
884
805
146
778
164
458
831
112
513
249
395
290
847
198
162
839
398
759
236
958
778
792
201
64
411
848
988
385
420
237
239
243
247
251
767
545
710
180
97
156
366
745
596
626
180
898
586
263
421
144
176
564
947
951
555
519
961
670
136
398
730
436
206
917
250
13
622
636
384
938
342
792
356
171
147
547
245
414
682
373
117
375
669
207
363
738
191
849
328
460
108
266
159
161
930
596
937
772
93
636
83
267
405
267
417
393
793
557
134
244
104
898
206
959
910
606
269
140
879
962
515
377
127
131
954
156
811
878
998
371
308
945
962
127
806
886
361
88
41
39
580
564
914
40
772
477
737
28
278
91
554
949
517
511
587
834
558
759
379
216
40
156
672
302
184
259
346
517
134
939
890
691
45
501
883
828
262
53
476
924
323
245
46
412
562
769
110
161
770
381
377
922
976
997
385
805
549
486
754
323
394
121
695
112
830
377
943
862
73
50
112
105
924
914
278
180
33
657
912
728
790
97
41
428
62
988
549
222
503
856
701
507
718
595
656
8
913
219
155
799
108
657
535
131
360
192
572
317
590
31
202
191
140
26
21
70
383
50
814
506
33
994
976
238
775
420
939
334
389
3
531
150
97
6
477
68
917
266
372
620
700
373
547
944
162
792
100
64
376
295
197
779
808
350
618
6
310
33
311
255
439
40
36
227
282
888
82
226
99
14
269
226
346
200
98
654
244
414
444
309
214
634
232
157
683
880
662
284
112
464
246
766
644
63
611
36
231
381
462
688
944
771
880
126
719
850
843
816
151
65
201
552
650
912
981
250
690
141
901
186
915
844
875
730
278
357
499
989
352
348
341
951
807
318
90
868
263
637
488
750
987
581
732
483
358
345
18
431
406
270
470
181
880
415
278
949
255
778
496
298
201
441
275
171
186
435
117
914
192
90
96
999
550
379
462
350
292
244
560
79
589
257
29
751
612
406
428
219
953
602
826
826
679
39
395
303
616
33
517
141
142
163
104
634
711
2
293
218
437
498
609
772
545
346
672
680
82
940
670
121
751
389
450
988
394
882
247
310
915
361
730
945
804
752
417
719
133
535
812
360
404
311
631
157
278
355
169
84
288
708
593
864
719
730
380
944
978
483
274
234
125
681
308
849
783
947
530
287
209
253
234
283
445
574
84
962
676
688
395
181
163
101
691
635
275
171
201
338
769
458
417
591
73
16
176
395
54
373
327
891
776
181
784
303
375
131
395
216
937
774
644
678
365
272
290
596
691
530
182
630
957
816
884
139
215
337
350
875
750
186
468
264
988
772
142
748
3
5
237
646
976
384
186
262
205
151
906
113
440
740
187
556
272
307
610
626
116
596
132
605
230
209
577
8
721
540
553
304
370
222
201
456
269
329
192
19
494
895
274
169
118
998
968
192
100
164
801
896
150
128
396
471
249
566
816
254
945
27
113
396
262
151
94
286
842
113
375
724
599
86
756
525
246
38
396
173
308
807
310
879
292
245
314
265
750
144
370
374
442
700
507
361
31
39
65
33
225
28
39
85
724
864
44
144
260
580
345
177
668
413
160
344
692
240
171
93
660
347
750
559
442
163
434
355
601
993
128
69
983
538
634
484
497
474
143
192
615
250
516
790
227
562
696
730
176
257
35
12
543
177
122
540
691
435
465
368
554
338
427
91
949
309
784
806
934
262
958
760
707
704
80
970
619
94
786
525
187
966
560
337
377
151
454
191
787
751
246
304
987
496
257
315
934
146
711
417
783
497
366
50
714
35
852
737
730
748
560
132
275
108
5
467
674
948
407
596
12
86
288
382
625
176
646
414
723
583
392
292
773
806
344
388
501
778
851
636
549
965
360
209
787
3
26
283
855
134
774
980
96
561
97
16
130
462
866
261
436
802
404
719
535
370
375
325
393
864
306
416
128
415
474
676
237
3
605
471
155
512
206
119
338
449
416
890
655
350
174
619
852
191
386
9
278
522
588
128
802
236
892
128
539
718
242
93
969
636
216
333
761
86
748
127
197
280
455
666
934
225
546
309
555
480
495
564
294
443
91
463
353
646
647
129
216
66
417
833
50
564
404
937
467
94
883
847
110
88
892
43
139
544
882
383
509
575
490
316
959
344
315
522
472
171
661
483
734
294
700
502
768
969
993
539
510
73
665
980
67
35
402
941
835
805
18
151
984
384
166
47
104
128
782
213
397
19
413
53
518
126
8
221
660
31
137
208
545
913
133
10
246
114
241
173
492
647
353
462
637
50
417
730
28
522
807
640
531
718
92
886
161
18
265
195
586
829
458
467
274
236
968
568
153
707
407
57
750
139
15
16
348
130
654
970
830
298
568
102
119
359
911
163
292
443
71
611
879
110
326
187
355
56
867
520
955
422
