855
281
109
855
855
757
855
34
650
855
855
82
270
650
855
855
887
545
650
129
855
855
855
650
855
752
828
994
855
545
650
101
855
545
476
83
159
650
429
828
855
109
650
650
76
650
855
349
650
650
319
545
122
158
828
855
645
855
855
429
109
276
828
328
328
650
855
855
855
397
650
763
646
855
973
687
650
855
583
363
825
855
855
140
850
545
650
650
650
396
588
828
855
993
282
387
855
855
650
855
650
855
650
77
69
650
650
151
750
828
289
574
212
545
650
197
828
113
545
533
27
650
694
855
650
650
328
828
545
828
828
650
828
828
397
855
991
828
650
328
855
390
650
429
907
650
280
752
855
21
545
938
379
650
355
650
472
293
113
650
721
650
650
855
300
37
133
650
721
741
109
752
650
973
855
621
107
133
855
650
76
855
650
650
855
359
781
177
650
599
855
855
855
855
855
97
855
765
790
855
160
752
468
855
855
191
855
350
855
361
281
650
650
790
828
828
788
650
650
915
650
97
650
39
109
397
888
18
855
811
397
855
650
855
855
650
376
855
650
650
76
335
855
855
397
650
219
863
868
824
328
650
855
855
491
650
852
148
99
855
828
650
346
855
650
562
144
650
855
855
625
828
109
82
650
650
650
117
509
833
162
850
273
973
855
288
855
156
855
828
650
855
828
328
855
955
404
498
650
650
855
650
855
216
855
650
855
109
328
650
363
442
545
396
650
950
336
650
109
650
855
109
116
127
955
855
425
828
370
187
397
116
994
650
855
811
855
650
829
650
828
650
468
449
194
362
953
992
486
650
650
467
109
650
855
10
202
603
855
363
995
855
828
650
855
855
855
855
650
963
389
299
650
855
650
650
588
650
752
650
855
855
721
27
855
650
687
650
855
855
650
811
874
855
855
123
855
855
624
855
581
665
800
828
650
855
109
545
342
855
650
855
294
855
70
582
946
828
855
328
80
855
650
25
932
339
650
855
855
855
855
855
650
855
855
41
545
397
866
855
328
650
91
328
650
855
650
107
650
328
109
855
96
694
406
328
18
113
650
730
650
243
276
855
917
556
855
328
723
250
109
650
611
328
795
84
109
855
650
650
855
688
855
650
650
855
855
85
9
25
650
545
650
225
828
100
133
787
109
355
392
828
855
855
109
855
721
411
109
344
650
128
650
138
855
109
855
855
117
650
855
650
377
828
855
855
650
650
587
855
828
109
8
962
855
828
855
855
120
650
244
855
28
650
855
650
83
650
855
650
581
855
556
328
650
650
855
650
650
545
855
327
599
87
650
815
653
828
811
109
650
650
650
855
973
855
855
109
855
855
328
855
282
436
650
277
24
855
110
855
650
721
721
216
855
646
855
128
996
351
650
109
509
444
828
173
650
650
552
650
855
855
828
109
328
11
650
349
78
752
855
21
650
396
650
829
645
650
643
214
581
855
58
650
586
650
472
102
855
855
650
92
523
50
855
870
397
650
828
650
650
288
117
650
855
650
947
650
855
8
650
855
815
588
185
855
650
449
828
855
855
756
855
916
650
51
828
109
360
545
179
828
958
650
611
401
947
751
328
650
650
855
855
650
650
650
565
396
650
650
986
855
855
429
109
360
858
855
959
884
328
650
855
328
650
274
855
828
855
721
650
936
825
752
855
987
650
843
828
855
650
855
382
650
855
855
855
173
855
220
855
828
855
855
185
650
650
917
397
855
741
650
828
855
49
855
650
650
328
690
855
138
390
328
81
828
15
650
808
65
855
650
815
650
687
650
766
650
828
855
185
855
293
650
855
352
855
866
855
603
533
855
650
30
650
955
828
37
109
855
828
109
650
545
855
472
855
890
650
650
855
855
855
855
360
548
109
76
547
671
251
109
350
650
342
855
328
650
114
328
855
779
855
327
650
994
855
545
855
650
650
855
855
828
779
328
650
650
955
855
650
650
429
545
855
650
545
828
282
855
794
109
860
855
855
936
650
855
855
855
650
828
64
650
855
855
650
855
855
538
650
490
855
650
855
886
650
855
328
650
286
855
855
770
790
721
251
650
690
407
828
650
855
734
348
109
855
922
262
973
650
828
109
650
6
828
855
855
650
650
855
650
113
217
650
737
754
650
650
855
855
506
650
282
828
752
650
855
328
855
828
650
661
328
406
768
650
650
650
109
328
855
328
330
22
650
855
545
319
855
650
109
109
91
828
650
650
855
650
270
396
650
855
340
351
328
855
855
828
429
650
545
973
650
628
855
828
650
109
328
83
545
650
855
650
855
588
658
308
855
855
730
815
988
91
123
828
828
721
874
650
109
992
650
781
123
855
855
34
99
996
855
828
721
109
855
15
650
650
650
547
650
854
109
650
790
855
650
204
855
828
497
201
640
650
815
24
650
328
650
328
828
534
855
328
855
904
855
846
650
328
354
794
855
300
855
6
650
650
43
650
218
721
955
855
650
138
545
828
855
218
855
328
984
650
855
815
654
650
855
828
650
808
650
650
588
650
109
787
855
109
828
650
855
275
650
815
855
855
650
855
855
84
650
650
828
92
545
109
588
83
308
650
397
208
800
466
650
855
650
221
650
855
650
855
10
855
545
650
868
828
738
763
650
650
828
650
855
363
855
828
612
855
855
265
855
690
545
397
275
330
828
650
828
650
6
811
650
828
483
650
650
650
650
855
562
650
340
828
650
855
37
328
401
855
102
879
825
855
83
953
855
828
855
650
261
274
650
828
288
328
209
382
828
855
996
855
855
650
650
855
815
650
855
363
855
328
855
545
828
650
160
650
752
340
650
117
855
754
255
855
855
855
855
545
855
855
650
855
947
650
855
855
650
650
650
855
855
828
650
538
920
855
650
855
650
650
328
828
828
790
650
855
855
855
911
828
328
515
855
113
650
239
34
328
828
855
650
588
650
855
123
27
857
855
828
855
650
650
828
109
828
828
828
945
370
650
828
506
128
806
855
273
650
855
873
855
828
696
421
855
946
855
650
650
650
828
255
117
746
828
855
185
752
855
650
828
855
109
178
650
855
855
752
591
109
650
650
458
852
855
828
356
545
716
212
25
855
650
386
751
855
650
855
707
62
855
973
642
855
562
855
828
650
348
855
947
855
703
290
309
328
328
855
592
855
801
828
855
650
650
109
855
350
855
545
474
141
545
855
855
855
855
650
855
106
109
936
109
280
156
328
196
694
650
855
109
135
191
221
815
545
85
555
855
944
990
855
509
611
309
828
317
108
855
430
276
650
855
855
328
828
555
545
650
110
855
855
650
855
855
828
650
650
855
641
650
650
855
855
828
650
94
396
855
360
650
650
650
855
781
581
650
567
828
855
650
334
752
855
855
43
650
855
545
855
884
650
855
490
828
109
855
828
855
57
855
650
690
343
855
855
855
828
650
855
650
855
650
387
828
650
202
855
828
650
135
917
761
362
650
855
811
102
650
828
855
855
855
855
828
794
244
650
671
650
650
545
363
650
125
650
650
650
270
455
650
828
118
855
453
650
770
429
601
855
855
990
650
790
855
828
855
9
650
361
344
232
650
815
120
828
853
828
643
650
855
262
116
650
650
50
650
328
855
955
650
855
28
855
37
650
855
650
99
828
855
852
855
752
650
121
855
855
855
362
555
855
855
811
109
865
855
855
650
136
109
650
578
855
650
545
328
855
650
828
650
955
855
855
650
650
898
308
650
650
828
650
893
650
650
828
855
855
650
855
340
855
650
650
855
661
767
855
884
650
855
621
855
200
650
650
981
108
650
650
545
650
650
917
842
865
63
754
855
344
581
109
545
855
599
855
855
650
650
545
429
661
650
855
328
650
650
328
650
288
105
650
828
14
650
650
828
791
650
815
650
396
545
855
855
650
829
76
84
562
328
650
172
328
581
855
331
113
855
8
116
828
650
650
855
650
855
855
545
855
650
650
650
109
650
855
855
828
650
255
397
650
855
828
57
650
828
716
355
353
650
650
109
328
955
650
855
650
852
752
397
650
328
193
350
93
955
855
331
855
855
26
67
779
828
263
368
855
855
650
828
828
855
650
828
855
650
855
249
109
855
855
370
123
828
650
650
855
855
855
650
195
650
308
336
828
855
561
650
650
650
650
855
855
109
650
308
650
855
855
650
147
815
828
855
687
102
97
828
650
855
811
76
650
855
650
418
855
300
828
855
116
855
855
855
39
650
855
201
828
671
855
650
650
650
788
855
855
855
855
170
855
650
855
328
855
986
650
828
828
828
650
721
545
650
650
650
855
650
584
109
650
328
828
752
855
356
113
650
448
650
828
107
97
650
328
828
734
255
545
364
650
650
727
863
650
855
650
650
855
697
650
305
650
363
650
116
828
855
855
133
565
855
308
543
255
458
855
855
944
650
797
364
382
855
855
650
650
650
855
855
855
855
650
855
855
650
225
328
645
828
650
828
650
109
855
855
650
109
109
855
650
855
670
973
855
97
650
855
609
650
109
545
786
828
581
650
855
650
545
828
650
650
856
650
588
828
102
650
828
650
650
650
102
721
650
328
828
855
828
866
855
650
650
727
855
839
855
937
650
650
734
855
650
328
650
396
828
34
855
855
650
69
855
855
855
828
828
545
650
650
855
855
650
160
340
267
650
855
855
198
109
650
375
650
650
855
828
650
458
51
855
650
8
650
752
292
721
650
855
193
855
650
306
396
855
17
828
104
828
387
650
650
186
155
650
650
828
342
650
328
650
650
828
855
650
650
225
382
790
121
588
50
161
855
828
479
650
397
855
828
828
401
687
949
650
650
855
396
650
164
650
855
471
247
141
571
650
650
84
396
650
855
917
650
855
828
650
828
753
904
721
650
476
855
650
650
874
650
855
752
955
807
544
360
650
955
363
860
855
855
328
650
855
650
109
650
282
855
191
855
828
855
217
199
7
650
545
855
292
650
855
545
828
394
650
650
855
76
262
69
850
56
581
828
650
650
650
855
752
855
828
429
562
650
545
397
911
363
374
828
752
650
363
328
855
995
108
251
650
855
588
855
650
757
109
877
650
650
401
214
650
650
828
650
828
545
650
828
539
650
650
328
855
109
328
650
328
986
650
857
650
855
855
650
828
855
855
599
855
650
650
339
855
581
650
855
109
650
855
855
360
360
9
41
852
328
650
828
650
855
650
328
855
855
855
828
145
855
855
855
779
828
545
21
752
538
918
113
855
828
328
879
650
109
937
828
537
855
775
627
828
828
109
855
855
855
815
612
328
104
835
614
855
828
650
650
800
328
694
515
828
337
992
650
904
214
650
440
650
855
973
855
35
650
828
328
752
721
117
693
588
650
855
753
44
828
588
109
828
855
650
52
581
650
734
640
650
650
650
497
855
855
863
88
855
752
650
650
650
855
198
693
254
828
855
191
828
650
973
855
214
817
855
9
855
334
580
201
855
752
328
288
996
327
573
650
843
650
828
828
828
855
63
855
144
141
828
588
650
545
239
30
462
973
855
650
779
650
621
855
650
955
392
855
650
580
828
650
646
751
646
454
121
991
650
855
556
650
855
855
334
650
855
650
650
855
650
853
429
325
650
650
125
245
815
855
555
650
390
646
382
725
815
175
852
535
855
433
109
650
650
855
102
855
855
828
650
828
855
650
621
855
819
201
855
735
650
855
855
855
704
612
855
855
973
855
650
855
650
328
688
650
135
545
855
261
108
650
397
109
562
588
839
828
855
328
588
107
828
104
588
855
334
855
855
921
650
109
855
565
328
650
444
650
855
175
650
650
84
855
995
650
650
650
113
545
815
609
855
650
387
328
132
207
855
917
855
855
650
855
855
39
946
855
828
514
650
650
855
734
621
588
855
855
354
855
109
855
752
159
482
855
855
855
770
650
650
855
356
855
545
650
855
650
652
237
828
588
855
855
545
308
650
328
855
109
828
855
650
650
533
828
650
855
650
612
328
855
109
721
581
811
467
855
454
855
309
865
973
855
855
855
855
650
328
7
855
958
193
855
545
650
757
650
880
650
973
855
8
855
650
334
588
828
855
855
83
662
855
855
650
721
850
650
855
650
363
855
107
855
109
545
828
828
41
650
815
650
855
801
84
973
288
340
323
650
650
855
855
855
328
855
429
377
955
650
330
815
855
381
946
117
363
650
444
650
650
490
650
855
855
235
737
650
650
388
117
855
56
389
650
828
490
545
855
363
650
855
752
650
855
545
987
855
815
650
650
855
365
109
886
91
328
271
829
650
545
650
855
979
867
992
263
828
328
84
140
706
855
423
650
855
855
436
599
855
973
650
650
855
855
635
180
588
855
855
650
650
650
102
545
627
650
855
766
53
71
855
828
650
855
855
15
650
801
650
855
562
650
334
650
392
709
828
828
650
855
650
917
828
599
828
120
99
855
588
199
825
189
88
650
855
328
650
828
955
109
545
650
282
752
162
855
828
828
14
650
378
431
855
855
389
509
314
855
363
828
752
650
855
102
828
650
855
191
225
97
580
665
650
650
855
328
650
498
608
650
58
815
109
855
855
828
650
650
545
83
185
855
650
828
855
650
429
855
855
828
134
650
828
650
698
650
580
216
210
650
800
650
650
828
215
328
328
790
187
855
144
83
855
650
855
430
855
328
855
84
855
650
781
703
128
855
650
650
880
955
109
340
855
859
328
855
828
855
650
102
855
650
288
754
671
865
855
815
650
560
97
650
855
588
650
855
328
83
109
828
112
855
650
650
855
650
474
650
650
650
650
588
109
828
281
292
855
191
855
354
800
855
650
3
650
855
246
855
109
947
855
328
650
855
650
396
117
855
328
828
751
828
522
64
828
0
650
625
640
855
39
828
34
352
855
650
650
855
650
328
815
84
855
828
328
650
133
650
288
109
855
489
828
855
724
328
650
650
650
588
109
752
340
855
855
855
515
855
855
444
560
588
855
218
855
370
650
828
646
112
855
855
340
650
650
721
383
650
328
855
828
770
116
855
397
855
650
650
117
650
76
828
406
855
650
855
855
83
545
24
650
855
650
650
687
650
588
328
650
580
650
169
650
973
141
650
650
650
522
562
850
565
855
810
547
855
650
806
650
698
11
855
855
855
850
855
388
855
562
855
650
650
855
98
855
855
855
396
855
828
825
650
70
650
979
650
650
640
650
650
141
328
855
308
855
855
650
650
855
650
109
828
323
650
828
328
138
855
855
650
828
588
650
650
282
109
650
855
904
650
650
855
698
855
108
650
650
602
241
855
650
650
650
203
855
292
455
239
214
178
855
25
650
650
828
650
650
560
665
855
397
650
130
0
335
855
294
650
502
828
855
134
90
650
828
182
855
855
953
101
490
124
650
650
855
650
855
650
545
855
855
973
650
855
650
545
650
41
109
650
545
328
835
650
855
545
855
281
855
991
855
650
855
815
135
855
107
855
650
828
650
328
811
650
855
650
328
650
190
855
81
192
855
794
650
650
855
855
76
855
791
614
429
855
490
650
855
650
650
336
182
650
944
650
828
650
855
576
650
650
988
650
545
855
239
650
855
387
828
855
855
953
650
937
650
828
650
334
650
218
650
865
855
811
828
650
650
855
301
650
337
815
650
828
855
650
855
552
992
855
855
116
344
855
850
828
109
109
650
650
994
650
282
855
650
855
855
586
843
828
855
721
545
109
955
828
650
293
282
328
752
955
650
855
131
650
721
28
650
766
650
292
855
645
855
328
196
282
138
855
109
7
650
109
828
328
650
650
650
706
650
665
855
650
388
346
939
855
52
109
650
650
49
855
855
328
130
917
650
855
855
855
737
650
855
650
855
855
855
83
855
772
650
727
650
392
328
855
721
855
855
855
371
855
855
102
433
76
561
69
327
754
0
946
828
687
650
650
650
650
102
855
791
855
650
39
855
290
770
855
237
650
454
650
815
109
328
855
650
650
328
815
855
401
509
855
327
855
650
650
855
650
116
650
133
109
387
828
855
545
650
650
113
562
650
80
855
855
855
91
855
109
855
650
650
138
855
416
429
100
109
506
855
828
650
855
621
650
855
650
855
855
752
305
328
828
650
855
650
199
106
185
855
855
650
828
109
855
855
855
650
811
474
117
387
855
650
350
855
752
650
449
334
328
855
790
645
855
828
472
650
855
650
828
401
650
397
650
855
545
650
109
650
973
855
113
44
855
157
828
752
164
855
650
927
751
855
328
650
397
340
828
650
650
650
650
855
282
328
828
650
545
754
855
650
828
561
828
874
362
263
855
855
815
650
828
65
328
955
135
828
218
855
855
855
650
855
107
45
323
855
352
87
213
981
328
533
650
855
815
855
828
955
650
650
650
650
650
545
394
476
650
650
741
650
560
328
855
650
109
650
855
828
650
281
650
588
992
786
545
650
855
650
765
855
588
129
100
963
855
650
109
709
855
588
53
650
109
650
855
650
109
855
396
650
225
932
650
855
650
855
936
855
650
650
637
576
562
855
116
709
938
650
580
576
90
650
363
489
308
58
650
828
650
855
393
650
601
828
855
854
363
855
650
828
820
855
852
802
364
855
650
650
855
650
734
371
650
650
973
878
828
650
588
855
588
650
332
565
650
363
828
754
650
363
855
390
992
828
650
650
650
855
650
76
828
254
212
650
650
650
650
855
650
855
855
855
650
855
650
806
996
828
397
650
514
650
109
855
855
855
650
68
855
855
650
752
650
650
650
650
555
650
650
608
855
55
545
650
132
650
407
340
671
116
904
650
24
855
650
588
144
855
650
182
650
855
650
650
338
855
650
116
650
650
650
185
327
436
398
855
650
855
509
515
430
650
855
109
855
855
828
828
855
996
650
855
440
309
8
855
48
57
855
361
467
340
752
855
545
50
855
877
855
650
650
855
123
650
955
855
611
808
828
650
973
855
328
328
397
289
545
654
855
650
855
828
855
102
328
650
855
640
650
650
76
174
828
971
981
790
855
855
855
650
721
650
26
855
828
855
855
109
650
83
855
112
545
650
650
650
476
650
855
847
855
161
650
650
855
339
855
650
687
187
815
99
650
947
721
762
328
855
242
207
828
855
855
855
650
99
218
374
545
650
650
275
650
855
274
730
109
216
545
650
109
555
865
396
650
99
650
650
581
397
828
855
855
650
608
855
937
650
721
362
855
611
705
828
721
650
855
855
815
855
852
650
439
189
855
650
650
855
650
828
650
363
650
855
650
128
429
650
855
650
855
855
392
650
821
855
76
76
737
328
963
855
650
38
20
489
328
916
855
128
138
415
650
545
712
855
328
650
828
855
650
855
454
362
650
953
650
915
650
650
650
650
650
440
855
397
82
855
650
555
717
650
650
855
855
828
650
48
109
855
545
182
650
650
855
277
855
855
650
5
601
650
828
76
52
545
963
321
855
650
855
855
388
396
650
282
562
855
918
855
992
855
173
650
828
650
321
650
650
83
650
855
328
64
650
855
855
650
361
397
752
277
109
650
581
703
692
855
855
363
574
973
113
650
828
855
661
650
855
855
866
555
650
815
852
828
855
953
545
612
828
855
828
910
316
855
650
650
109
58
650
23
855
994
855
472
64
991
855
855
727
650
650
828
102
650
855
855
81
99
855
855
329
721
855
373
398
650
109
790
650
562
650
506
650
328
650
650
650
650
328
828
855
545
650
696
476
509
815
855
855
192
650
133
650
855
336
650
228
328
855
855
734
260
650
612
855
855
642
264
855
363
612
650
283
119
855
855
650
650
855
611
855
855
376
650
650
938
650
752
650
865
117
828
855
117
1
194
650
650
650
855
855
345
85
855
855
538
650
855
650
275
83
855
855
83
109
650
650
650
855
88
721
253
650
650
588
790
717
650
855
328
339
145
650
855
855
650
650
650
828
278
957
109
650
40
293
650
588
109
855
828
469
108
855
828
96
855
855
828
855
855
280
340
63
650
396
855
855
57
586
665
687
533
650
650
650
650
855
855
815
0
855
109
650
489
360
650
184
650
491
828
650
828
855
650
698
392
650
855
828
855
855
855
828
650
650
581
790
545
650
855
828
650
328
855
362
650
108
650
650
855
828
855
665
855
396
650
855
650
855
376
352
216
650
650
855
588
581
650
650
380
953
855
855
271
650
855
855
314
995
650
522
855
287
815
855
650
650
752
650
992
962
339
545
0
130
855
855
650
426
109
328
198
335
650
855
855
650
650
855
169
0
855
650
327
828
650
650
650
300
328
132
0
218
650
650
991
855
650
852
855
855
545
754
650
514
650
855
855
750
156
337
117
650
855
588
650
263
113
855
828
650
650
947
328
640
650
383
213
855
539
650
650
650
855
477
109
429
375
57
855
855
69
650
545
855
387
828
328
7
855
855
588
109
855
855
186
828
650
116
855
855
650
650
650
650
855
855
828
342
136
650
828
855
855
134
396
855
650
645
650
855
650
855
995
828
397
198
828
855
855
855
650
855
650
99
855
855
8
25
396
263
320
650
855
644
340
855
855
828
721
145
973
375
828
650
545
360
650
650
109
650
363
855
27
855
855
581
41
650
828
580
650
76
855
815
109
344
650
240
828
855
545
340
564
721
855
855
855
348
650
855
429
650
650
855
449
650
898
855
100
855
828
855
650
588
580
489
650
621
247
828
650
855
855
328
109
650
643
650
828
855
650
650
855
363
328
650
650
839
855
102
828
855
571
528
650
855
599
855
650
588
109
855
828
102
650
387
650
201
455
650
180
828
650
721
855
133
650
855
650
650
506
429
855
107
650
855
509
574
545
721
802
650
650
108
650
828
828
986
734
650
289
855
290
973
814
588
855
621
650
707
855
340
650
514
828
340
425
545
855
650
650
650
328
790
545
650
855
650
828
855
704
650
650
828
100
97
129
462
828
828
717
545
828
650
790
24
328
650
855
581
855
752
116
860
855
650
650
855
650
791
650
855
221
828
855
645
490
828
855
855
261
611
429
328
562
173
973
650
650
650
855
237
650
650
588
650
855
86
855
650
156
582
855
828
556
650
197
282
826
650
855
255
650
25
545
650
650
855
201
650
855
650
352
545
855
855
855
57
985
855
37
828
855
109
952
650
855
828
396
8
650
855
650
828
855
650
509
561
828
650
650
386
855
709
791
251
828
650
481
365
650
855
490
650
113
410
781
545
855
855
855
828
650
650
828
650
855
247
650
105
650
912
650
650
855
650
650
650
612
57
650
997
650
214
84
30
83
650
855
821
135
855
251
113
537
650
855
828
545
806
855
109
855
650
109
650
855
855
